0 0.739989 203
3073 0.711758 215
898 0.734359 206
131 0.777126 187
2223 0.685267 219
3059 0.92462 141
262 0.617712 258
65 0.72065 211
1673 0.808007 180
2058 0.531634 319
1397 0.672148 208
3089 0.867647 153
2922 0.872291 153
2196 0.814844 175
3093 0.705619 218
279 0.730266 207
2840 0.695147 224
1433 0.62243 259
3354 0.683592 228
923 0.714477 212
1034 0.671062 217
1114 0.820792 167
69 0.771397 191
2336 0.63743 250
289 0.845283 160
261 0.625641 261
1701 0.721683 207
39 0.684379 227
2728 0.853232 162
2603 0.779771 187
2226 0.826419 167
175 0.81892 171
1970 0.768476 191
1203 0.839406 167
1076 0.887577 146
1097 0.795702 182
1980 0.818025 171
138 0.754532 197
3007 0.822555 170
2197 0.721742 191
2538 0.735712 195
67 0.767705 191
1348 0.676666 230
1733 0.793361 185
710 0.742189 201
2121 0.636509 248
2251 0.730266 207
460 0.918191 140
717 0.804604 181
2130 0.851843 159
2132 0.731063 207
3157 0.838219 163
726 0.770793 188
1239 0.753669 188
1746 0.801738 180
1290 0.54067 311
1371 0.678982 230
606 0.883709 151
1247 0.822589 172
96 0.710508 216
2532 0.529623 319
2405 0.826656 174
1681 0.897683 148
3305 0.703833 216
106 0.749497 200
1618 0.827463 173
495 0.789152 173
752 0.74034 197
371 0.75723 195
638 0.784034 184
630 0.608329 252
2167 0.68622 223
888 0.776821 189
761 0.724169 207
634 0.569148 267
767 0.782156 186
252 0.597909 246
1661 0.62708 255
1022 0.83688 167
2687 0.80513 176
1 0.85044 155
515 0.842699 158
517 0.822161 164
519 0.781623 176
3083 0.618217 250
2060 0.605905 247
3086 0.75356 186
1046 0.772297 178
23 0.916387 125
1564 0.738606 191
2589 0.820695 155
3105 0.65776 214
36 0.655274 223
2422 0.805174 165
2602 0.829874 160
1885 0.84938 156
1800 0.725681 197
51 0.637644 231
2100 0.892086 140
2614 0.692531 197
3128 0.764895 177
61 0.614121 243
2110 0.592234 264
2627 0.707281 194
1607 0.778766 176
2120 0.738332 186
74 0.678736 209
1614 0.877271 147
1616 0.763033 177
3155 0.757938 182
1620 0.843093 156
2135 0.609035 233
602 0.750828 186
3169 0.737779 191
1642 0.777322 173
107 0.864519 150
1134 0.513712 319
1648 0.751293 186
3185 0.718739 188
2725 0.740565 192
3200 0.863714 150
1900 0.674319 205
1304 0.772208 176
3219 0.697044 204
2200 0.834169 159
1691 0.693872 209
158 0.665877 214
671 0.697277 198
1696 0.750176 185
1189 0.632089 237
3100 0.60266 243
3243 0.779083 177
1207 0.782672 174
2235 0.753683 184
3269 0.674791 211
1224 0.752872 178
482 0.711824 192
2104 0.715789 191
732 0.873637 147
222 0.620643 228
1761 0.747355 188
2788 0.746708 187
240 0.656233 228
2293 0.844768 151
2302 0.756058 184
1792 0.713769 200
771 0.817591 165
1798 0.73545 189
775 0.6972 207
3336 0.810346 163
3287 0.619236 247
3341 0.774589 177
1809 0.650035 222
274 0.637129 226
275 0.782122 169
1816 0.81833 165
1817 0.875481 141
2850 0.755699 185
2851 0.813679 163
804 0.678144 205
2854 0.737614 191
3367 0.687874 212
812 0.770391 180
815 0.706552 205
305 0.688287 211
1843 0.742395 187
820 0.83202 159
3382 0.716231 200
52 0.830905 151
1855 0.534049 289
2881 0.71199 201
1347 0.642575 221
1349 0.793894 172
842 0.648402 219
2381 0.649239 232
2616 0.740076 186
855 0.798973 168
2909 0.80174 170
1374 0.63652 229
1377 0.845337 157
357 0.637417 237
2923 0.762554 181
876 0.839715 155
1392 0.822406 162
373 0.601508 259
886 0.682945 214
389 0.726989 195
2444 0.728469 195
152 0.762505 183
3054 0.777506 172
2456 0.728686 191
934 0.84883 151
2474 0.728257 196
1096 0.789421 173
948 0.792618 169
2997 0.845101 150
952 0.71905 199
1977 0.719746 189
954 0.904077 139
444 0.560108 266
959 0.823099 153
1990 0.641809 226
2503 0.665281 222
1480 0.819662 163
457 0.631296 243
465 0.644871 231
590 0.507938 300
3033 0.666027 217
3039 0.7716 168
3042 0.663953 216
998 0.671191 219
493 0.770143 180
1518 0.710556 202
3055 0.691501 210
2032 0.899899 134
2034 0.703414 202
502 0.915865 135
2556 0.868039 149
2 0.822718 157
516 0.805368 169
2566 0.673353 209
10 0.702407 196
1037 0.745636 178
15 0.605721 243
531 0.717083 197
535 0.60121 241
2585 0.630036 230
3101 0.789406 172
546 0.710859 194
550 0.727494 193
3112 0.737815 181
41 0.724858 187
559 0.829896 154
3121 0.859809 148
50 0.690212 202
2611 0.693879 205
1590 0.816255 155
1460 0.773222 173
2619 0.710706 195
1086 0.759376 173
1603 0.762738 181
2631 0.832668 149
3146 0.755874 182
588 0.578191 270
2650 0.615695 233
1630 0.507741 313
1121 0.673183 210
98 0.722397 194
2159 0.661891 219
624 0.605478 244
2162 0.759181 177
627 0.890625 128
127 0.675713 212
2176 0.650477 220
2180 0.829205 153
1670 0.70543 198
647 0.756035 177
1731 0.577122 271
3224 0.572474 264
1697 0.762247 181
1699 0.732213 191
172 0.636076 221
2737 0.814455 164
267 0.879358 146
2237 0.752999 178
703 0.626285 228
3267 0.819692 164
1734 0.826706 163
3275 0.734823 183
1228 0.790123 163
3279 0.94811 122
210 0.748825 185
1246 0.65877 215
2275 0.73923 180
229 0.686966 208
2791 0.672272 210
2280 0.787942 173
2283 0.821983 157
2088 0.737911 188
2803 0.814312 166
760 0.52681 285
1785 0.812712 167
1407 0.665382 213
778 0.794953 161
3339 0.713695 191
1292 0.735663 183
2318 0.857907 154
1306 0.79137 173
287 0.851275 143
646 0.835337 147
1830 0.747921 180
1832 0.554745 283
2695 0.877455 134
302 0.694776 201
2868 0.572345 263
1849 0.628437 226
835 0.747176 180
2892 0.717994 191
1869 0.809015 154
335 0.725335 194
1880 0.812347 157
2396 0.640992 225
2929 0.777505 167
1910 0.784998 174
1405 0.73939 189
2943 0.706884 200
1922 0.666535 214
2948 0.767727 176
2437 0.718512 188
391 0.724422 192
2957 0.89463 141
1429 0.802019 161
2975 0.764204 175
419 0.734883 183
2801 0.685058 206
426 0.835284 159
429 0.735019 186
2480 0.77961 176
2483 0.839624 147
1972 0.703668 200
2491 0.674882 211
3012 0.806718 166
976 0.676985 207
994 0.735895 190
1508 0.682324 209
1513 0.725676 192
496 0.639946 232
503 0.878557 138
1017 0.593671 250
3 0.696817 247
640 0.785264 215
1921 0.748575 204
386 0.62256 285
1027 0.702081 252
3205 0.803156 205
3335 0.677469 235
3338 0.763493 197
2572 0.88527 158
3330 0.664375 268
1261 0.874885 148
2450 0.800775 210
2179 0.731996 237
2837 0.833994 195
1303 0.77337 193
536 0.798962 211
513 0.795486 211
1819 0.70604 251
1821 0.734841 202
1055 0.856463 185
1727 0.714857 235
1571 0.631082 279
1829 0.733574 238
936 0.839054 193
937 0.87245 179
1963 0.683347 251
3246 0.756639 193
303 0.899575 146
2609 0.795671 210
1408 0.712394 246
1715 0.74824 231
3124 0.890591 158
2486 0.80892 197
2231 0.682248 230
2489 0.756486 224
442 0.759181 223
699 0.828693 200
317 0.73771 227
3135 0.800195 176
450 0.723605 240
2374 0.962048 139
2401 0.658461 270
1608 0.725181 242
1100 0.649566 242
1015 0.657635 227
332 0.712067 217
2662 0.811234 172
2384 0.745472 230
1105 0.855762 183
2773 0.814393 202
2403 0.743988 198
1622 0.794364 206
2133 0.751471 230
2560 0.596296 258
92 0.677693 262
3221 0.851419 191
609 0.701808 234
355 0.669258 266
2404 0.821684 202
613 0.612774 291
102 0.732961 237
1511 0.862668 182
2409 0.729886 228
1770 0.697495 211
1606 0.656509 236
365 0.713564 211
2673 0.844595 174
2418 0.81605 199
2675 0.650969 237
1653 0.776087 185
2706 0.934906 160
759 0.793522 209
3193 0.755718 218
255 0.806623 207
1170 0.740655 198
2813 0.771987 221
3043 0.692866 217
383 0.717125 214
4 0.86141 167
259 0.885494 154
17 0.864631 175
2709 0.750706 196
2838 0.625135 262
1305 0.768386 187
1003 0.862403 176
3230 0.848247 176
543 0.732786 201
1313 0.685181 240
164 0.75795 190
2481 0.747747 197
47 0.632847 254
3120 0.871317 163
177 0.868419 166
1343 0.80724 170
1476 0.733383 201
481 0.796299 195
2632 0.877137 167
2939 0.777499 190
1871 0.778156 182
2389 0.838182 176
249 0.681927 226
2392 0.638781 249
2393 0.726782 206
2266 0.782382 183
487 0.668265 236
746 0.810427 194
1255 0.702326 215
2412 0.768015 194
1389 0.726215 209
2930 0.87203 149
2036 0.912343 130
2427 0.779941 192
5 0.825785 172
2304 0.703538 221
470 0.84472 171
1544 0.733649 211
1935 0.849918 164
1173 0.740293 209
1310 0.730986 211
3240 0.774264 194
1195 0.76701 195
813 0.554829 291
1779 0.680269 235
3381 0.732451 212
572 0.771134 195
2238 0.798834 181
1781 0.75297 204
3138 0.688989 231
2250 0.830491 170
1617 0.848646 164
3156 0.859406 159
2522 0.744993 207
1760 0.73306 210
3323 0.696348 224
3175 0.584156 274
874 0.667531 241
1523 0.708573 222
628 0.886894 152
1534 0.673746 234
1531 0.758676 197
618 0.793781 186
1278 0.879945 153
6 0.744824 182
3074 0.712893 190
1366 0.759337 179
540 0.702502 204
3104 0.641496 224
1712 0.802035 164
1059 0.709774 190
2482 0.701053 204
53 0.758883 175
1546 0.830864 147
1601 0.819876 162
2658 0.769757 179
3153 0.763404 174
605 0.664098 213
1979 0.714171 194
1140 0.632843 229
2677 0.729098 181
1655 0.79828 171
2173 0.861871 140
3198 0.720441 192
1394 0.817769 159
1710 0.657856 228
2736 0.814107 159
739 0.854813 147
2753 0.683515 214
1217 0.937371 117
2774 0.767657 174
1762 0.851563 142
227 0.500601 319
748 0.629324 231
1065 0.669858 223
1791 0.670868 223
1282 0.874334 148
1796 0.704144 206
2325 0.728677 184
3204 0.85677 147
2349 0.781699 171
3378 0.713553 196
2362 0.50385 313
1854 0.639435 220
2367 0.705274 201
1863 0.640238 225
1878 0.823753 151
1891 0.771104 171
1383 0.905882 136
1384 0.84289 152
363 0.867009 140
1906 0.76445 172
1399 0.715346 194
2951 0.547432 270
1932 0.653351 230
2453 0.848124 151
2458 0.809816 163
2468 0.833851 161
2145 0.687017 209
3143 0.904181 139
434 0.778766 176
440 0.783213 171
586 0.861197 153
968 0.692077 212
3017 0.806002 167
1613 0.864134 141
2467 0.747176 180
3046 0.806604 160
1447 0.523026 293
1012 0.69403 201
7 0.800546 178
1028 0.844545 176
12 0.772021 177
2061 0.696816 201
1048 0.818523 150
32 0.686301 223
432 0.757444 212
2595 0.844918 178
1063 0.797688 173
565 0.612345 267
1078 0.791116 160
2825 0.834483 145
2618 0.810378 175
62 0.801929 191
2112 0.789421 168
2625 0.750228 215
3139 0.856222 174
1094 0.669807 221
3154 0.764446 209
1108 0.792709 187
2138 0.656904 239
603 0.87927 135
2652 0.653907 210
2141 0.792969 170
1638 0.651213 221
1133 0.631904 263
113 0.712796 211
115 0.786486 192
117 0.676048 247
639 0.761696 178
651 0.728962 223
652 0.701066 214
657 0.792013 176
1171 0.798097 195
149 0.862006 141
2203 0.696894 188
3239 0.86278 167
170 0.756714 211
1708 0.831246 181
1202 0.887629 149
2227 0.743941 217
1717 0.711312 231
2230 0.75249 214
2747 0.704048 213
3268 0.76087 184
199 0.84727 149
1241 0.665147 251
2779 0.828071 179
1244 0.786665 173
225 0.571517 279
1768 0.876467 162
2428 0.619322 266
1575 0.573634 294
1775 0.727622 212
243 0.763257 195
757 0.825052 155
2297 0.75201 200
2815 0.724195 223
769 0.744918 190
2312 0.615395 244
3337 0.678466 226
266 0.67422 248
270 0.690848 238
783 0.527777 326
1814 0.639383 215
280 0.716383 203
3364 0.732665 222
1833 0.614226 262
3372 0.731382 177
3375 0.66828 247
2867 0.645619 260
823 0.781294 201
824 0.746706 182
2878 0.816026 174
836 0.7643 190
2894 0.821208 174
348 0.759067 170
2397 0.772119 205
862 0.83479 151
1896 0.704325 225
366 0.805229 171
1904 0.781128 199
3304 0.752315 214
1342 0.76061 188
1916 0.661334 253
1920 0.819448 185
1412 0.742543 196
390 0.820644 168
401 0.679983 215
417 0.659931 208
421 0.656323 210
2992 0.773348 166
3000 0.737284 197
1469 0.893218 156
2495 0.727078 176
1472 0.871443 169
966 0.829473 184
2507 0.663413 248
975 0.707415 233
3030 0.790916 161
3031 0.775154 178
984 0.718447 207
1497 0.730149 179
2013 0.823699 173
1514 0.677684 246
492 0.757722 166
500 0.627453 268
501 0.721032 225
2047 0.902504 146
8 0.848933 175
1029 0.70643 228
307 0.837692 181
2064 0.480665 359
2075 0.644182 248
2601 0.642421 262
2091 0.773361 202
1587 0.759058 208
1591 0.839015 178
1593 0.701764 235
571 0.759839 206
1087 0.802921 191
1206 0.783532 201
2124 0.826792 185
80 0.671028 238
2645 0.648168 247
1545 0.83219 182
1629 0.73993 217
2150 0.645619 260
664 0.685147 212
1693 0.790584 186
3232 0.585447 282
711 0.726016 213
196 0.730879 216
1735 0.762581 204
3274 0.835286 182
1256 0.733058 215
213 0.847518 174
220 0.850325 176
1254 0.884405 165
3306 0.833423 183
2298 0.902927 158
765 0.829948 184
2309 0.812754 190
285 0.792603 197
809 0.846759 178
2866 0.730108 195
2870 0.741477 214
314 0.698348 237
1676 0.656373 245
2378 0.626216 255
2898 0.704386 230
2105 0.973342 133
2913 0.815408 181
868 0.590568 288
2622 0.749447 211
2955 0.840588 177
1936 0.794616 194
1954 0.741108 219
1964 0.695066 232
3015 0.813033 190
985 0.736779 220
935 0.80992 191
1010 0.918459 148
9 0.787361 187
3329 0.868248 164
130 0.731763 196
1283 0.701137 218
3077 0.838596 171
2054 0.740704 200
2568 0.907285 152
2441 0.791688 186
2571 0.651589 242
269 0.683968 225
3343 0.696588 222
3344 0.752915 200
3379 0.836601 171
1795 0.827391 162
2964 0.805709 181
1813 0.619954 257
2582 0.957134 131
1945 0.92871 144
3119 0.749175 188
924 0.629022 244
2333 0.779681 181
2208 0.692756 222
2554 0.719428 198
3362 0.684523 223
1572 0.739901 206
454 0.746633 200
828 0.77245 186
1192 0.813874 181
1052 0.753095 186
300 0.818053 177
1325 0.640762 247
2351 0.822383 178
1840 0.78762 186
817 0.641017 245
690 0.809848 182
947 0.770235 195
183 0.596312 265
2108 0.715671 215
296 0.674603 225
3264 0.579111 275
928 0.814604 164
2498 0.744453 188
2244 0.72915 206
2246 0.856024 165
552 0.796827 185
456 0.72905 210
1021 0.823173 167
1058 0.722832 197
1757 0.772234 178
1364 0.870105 163
1494 0.77306 180
2065 0.706902 214
1030 0.727089 209
1499 0.583189 272
93 0.697779 221
3038 0.589676 267
2880 0.648582 241
2210 0.765378 181
3217 0.820664 166
489 0.772938 193
2410 0.752171 187
2023 0.636422 238
125 0.742426 202
2161 0.833433 174
1344 0.792922 176
3187 0.697892 222
2686 0.922095 147
233 0.791386 187
506 0.690357 225
2045 0.702359 219
2558 0.7933 175
1685 0.746583 200
2697 0.813082 165
11 0.702945 219
525 0.764249 193
3090 0.910345 146
3091 0.783991 188
534 0.611035 236
2166 0.746971 184
1566 0.686686 226
1569 0.815903 173
549 0.661339 237
2599 0.772542 190
553 0.796491 182
558 0.647587 243
2097 0.949935 125
3122 0.689246 225
563 0.77654 170
2656 0.798465 181
580 0.760126 196
2117 0.633854 256
1098 0.694776 221
1107 0.798036 181
103 0.850067 164
105 0.668049 235
2676 0.77294 191
629 0.632004 214
2681 0.747667 178
2177 0.62351 257
2715 0.821781 169
2206 0.783064 179
1563 0.776202 189
2724 0.61837 231
678 0.821226 160
3249 0.799375 183
1721 0.808808 177
1210 0.720966 211
1725 0.71564 211
1729 0.612179 262
194 0.827416 169
2755 0.773322 190
708 0.549097 302
3361 0.620178 263
2762 0.77154 190
1748 0.624978 260
725 0.647305 244
218 0.775996 190
239 0.805624 178
2289 0.621337 246
2804 0.775306 173
3321 0.772988 190
2305 0.785623 182
3201 0.805919 177
2828 0.758636 193
1293 0.651833 241
2831 0.64717 244
787 0.654324 240
1309 0.831837 172
1825 0.686659 224
802 0.747534 191
2341 0.891362 143
3374 0.928892 139
315 0.790119 186
2365 0.673848 220
198 0.775236 183
321 0.796372 179
2517 0.877405 150
2379 0.707101 190
847 0.909913 136
1873 0.790368 183
2908 0.824969 172
1378 0.846024 162
2407 0.755775 193
1898 0.658802 239
1387 0.668648 234
1390 0.802641 178
2934 0.655552 234
1911 0.739482 182
1912 0.853954 165
1915 0.831337 168
3307 0.800714 176
1925 0.733757 202
394 0.814491 173
1420 0.762607 174
398 0.711541 215
2115 0.80423 172
2457 0.742297 199
2460 0.873736 152
414 0.89298 151
1953 0.802198 182
931 0.738771 204
2470 0.70349 219
1436 0.824688 167
2435 0.528242 318
945 0.803505 166
2462 0.676379 231
3003 0.817761 172
3006 0.851255 152
1985 0.621413 257
3203 0.522412 325
3016 0.633147 257
3019 0.754947 197
978 0.752895 195
1493 0.768925 192
3035 0.622598 258
800 0.886088 154
1018 0.834193 171
2044 0.567768 266
2448 0.675075 201
2224 0.88395 124
1582 0.708642 187
589 0.836272 141
974 0.783603 157
988 0.775764 157
2029 0.774057 160
190 0.763822 162
13 0.770632 194
896 0.554531 316
2689 0.840337 172
182 0.712679 218
388 0.799321 187
2617 0.67632 229
1286 0.816015 180
3079 0.68702 217
139 0.744726 201
1197 0.695682 217
1808 0.87938 162
2833 0.707326 213
1555 0.811133 191
2708 0.761706 208
494 0.880051 144
1178 0.728052 211
1559 0.76699 207
2969 0.752488 201
1562 0.78247 196
1565 0.808101 191
1823 0.78093 179
2103 0.71645 213
816 0.818331 185
1442 0.849448 177
3351 0.782092 199
165 0.829228 175
680 0.771927 205
2729 0.68283 242
1066 0.761548 209
2311 0.810299 169
1581 0.685134 230
1967 0.764018 184
1968 0.717837 226
883 0.613528 267
54 0.78641 190
55 0.772692 205
2744 0.728601 220
953 0.718144 212
1850 0.796141 195
232 0.760073 196
1216 0.604934 273
451 0.735003 211
3141 0.743879 206
1153 0.747808 213
843 0.805338 180
2466 0.774339 179
78 0.664553 230
1750 0.819808 165
1123 0.682018 223
467 0.67887 232
724 0.637701 247
214 0.790237 198
983 0.842496 175
856 0.705492 218
1625 0.690134 243
90 0.744031 194
1295 0.75202 188
216 0.843 171
2810 0.849127 177
3237 0.923312 136
2784 0.640293 269
738 0.791673 198
1635 0.619087 256
2408 0.857927 168
878 0.574755 289
3057 0.776612 202
822 0.737708 218
374 0.616505 261
1272 0.646898 267
3220 0.894095 146
1530 0.898824 157
1663 0.840909 176
14 0.802432 189
1536 0.85823 156
1538 0.64255 251
3080 0.775177 208
1035 0.717331 244
3085 0.694201 248
1041 0.739529 233
1558 0.745675 197
1047 0.756872 192
3097 0.600287 251
2591 0.925783 153
544 0.7904 214
2604 0.803979 198
1072 0.765664 206
1589 0.726577 203
1462 0.705715 230
2127 0.519704 306
83 0.625312 292
2137 0.6974 235
1122 0.677244 265
1647 0.767907 223
1142 0.914392 156
1660 0.668603 233
3222 0.660499 273
1179 0.582672 303
3235 0.719203 208
676 0.762716 197
688 0.882912 164
3253 0.75094 230
697 0.742911 198
3259 0.762857 225
700 0.729187 235
2240 0.8295 166
713 0.684604 234
2766 0.817925 198
215 0.772208 190
2267 0.740013 208
2270 0.679724 235
3299 0.67114 235
1252 0.770226 187
741 0.595541 308
3308 0.677458 260
3311 0.754156 229
244 0.72888 202
1275 0.750341 227
2812 0.712485 247
1794 0.746435 213
3333 0.734142 238
1803 0.777861 201
1805 0.642355 253
3349 0.781421 183
790 0.606533 294
293 0.904785 159
1323 0.66006 242
818 0.762295 190
2358 0.59761 256
2882 0.704316 245
2889 0.853139 173
1409 0.8044 205
1877 0.68175 222
2391 0.663648 268
1886 0.719746 238
2048 0.665269 268
1381 0.655638 239
2920 0.697981 235
2416 0.867491 179
370 0.812786 201
1923 0.685514 251
2438 0.641819 269
393 0.791451 193
908 0.721252 233
2370 0.813967 204
2963 0.714482 242
2459 0.804335 175
2463 0.656375 254
932 0.619748 273
424 0.730007 210
329 0.641862 235
1978 0.716365 216
1468 0.699531 209
2494 0.731585 239
972 0.624503 263
474 0.602697 290
475 0.818159 201
2527 0.706635 250
996 0.628932 287
2022 0.768229 203
1528 0.645824 255
2553 0.809515 181
3107 0.781866 186
2565 0.803415 175
1926 0.776677 183
2711 0.816291 174
3218 0.860165 153
533 0.67515 223
1177 0.675488 224
666 0.743621 191
1961 0.663429 231
956 0.93523 132
2860 0.704401 214
173 0.820145 174
2478 0.814455 169
3258 0.850105 155
330 0.570299 275
2419 0.816225 174
592 0.642608 240
2692 0.722668 207
675 0.709738 212
2136 0.657947 233
2649 0.861485 158
734 0.695823 216
3123 0.829268 165
2663 0.884475 139
745 0.77857 184
622 0.58028 264
872 0.860492 150
890 0.816814 175
1788 0.863595 149
16 0.721294 219
2563 0.694605 228
1541 0.684385 236
1879 0.605786 280
1038 0.654651 252
2067 0.66385 257
532 0.880206 157
1557 0.696503 227
2070 0.824619 179
25 0.880264 159
1051 0.57571 285
28 0.718691 216
1054 0.9126 152
1568 0.84887 164
2082 0.709585 234
3108 0.706667 225
1574 0.806933 185
2225 0.642574 268
40 0.631293 257
554 0.696639 230
44 0.742568 208
2605 0.676303 251
1110 0.739631 217
2623 0.721557 214
1609 0.745791 207
76 0.595236 293
3151 0.771166 194
2640 0.720881 218
82 0.824478 178
2643 0.885463 155
2644 0.814088 183
2062 0.860422 168
2646 0.774778 196
3160 0.675117 236
1116 0.725801 209
1631 0.676484 233
2148 0.770644 196
614 0.595795 288
1128 0.869348 163
1981 0.764888 202
3178 0.774225 199
111 0.68096 232
1656 0.634394 261
1657 0.608617 277
1659 0.908755 153
2684 0.634085 267
2685 0.596165 277
1045 0.736788 212
2688 0.723334 224
2178 0.815208 180
2184 0.709354 219
1163 0.649051 258
2190 0.744008 208
1169 0.738849 218
1683 0.836913 175
1130 0.710759 234
662 0.874044 163
663 0.871619 160
1176 0.761129 199
1903 0.635782 268
669 0.670702 234
2068 0.804824 186
159 0.733275 215
673 0.82487 179
2213 0.895909 147
2727 0.860472 167
3242 0.83481 177
807 0.663105 241
1716 0.786326 187
2229 0.796353 189
2743 0.687319 234
459 0.562742 300
1220 0.599204 275
1221 0.860707 168
2759 0.691903 227
1227 0.855691 170
2581 0.775196 196
1741 0.833526 177
2168 0.861843 167
2259 0.74989 203
633 0.61237 263
2777 0.627702 265
1337 0.637147 255
3294 0.677223 248
2787 0.896293 157
1253 0.684188 237
3332 0.717745 222
235 0.698006 230
236 0.68297 248
2855 0.773514 199
242 0.697717 220
3320 0.782383 193
3114 0.559491 297
254 0.8441 171
1280 0.816641 177
257 0.602542 281
770 0.844135 170
260 0.660749 257
2821 0.862454 165
1287 0.706587 225
268 0.760012 202
785 0.651116 254
3346 0.855204 170
2324 0.719953 219
3289 0.698452 227
793 0.826207 177
2331 0.717393 220
1822 0.70848 223
1314 0.689127 245
3363 0.78194 199
1831 0.918647 149
2344 0.728537 215
3369 0.766497 198
1152 0.761566 208
1836 0.660711 242
1393 0.8757 162
2781 0.878006 152
2353 0.694096 232
2361 0.680418 236
1859 0.702097 223
1860 0.782923 193
2373 0.608015 277
840 0.723418 218
2890 0.762524 202
846 0.758035 203
2383 0.864728 167
1872 0.857502 165
2386 0.603303 280
339 0.837353 174
142 0.860183 167
2903 0.82374 179
384 0.722894 224
2399 0.671395 235
1376 0.832835 174
472 0.765323 201
1049 0.613729 262
1596 0.77597 188
875 0.690548 228
2924 0.661847 250
2415 0.63861 260
369 0.727778 216
887 0.745349 216
889 0.758283 204
380 0.78803 188
1919 0.766549 198
2944 0.654634 245
899 0.820539 179
1104 0.65644 261
1417 0.914847 145
906 0.638165 260
1421 0.745289 205
1934 0.727524 214
399 0.745076 208
404 0.825178 173
2965 0.633658 261
917 0.833191 168
1947 0.704048 225
1948 0.711427 217
1949 0.712812 222
2971 0.767677 199
2985 0.765025 200
939 0.746213 213
2988 0.725928 213
2477 0.644876 251
30 0.821383 182
2996 0.779853 196
438 0.662289 242
2493 0.73568 211
2497 0.875786 163
453 0.635449 255
969 0.70364 237
458 0.870204 160
1995 0.789812 192
2510 0.580583 283
2003 0.636571 262
2004 0.678173 240
3032 0.608539 277
2523 0.763718 199
990 0.73348 222
2128 0.635356 255
2541 0.751135 204
3056 0.467793 371
2038 0.803639 183
2557 0.767604 204
18 0.679075 198
1554 0.738701 176
2629 0.758118 164
649 0.929775 110
1175 0.826935 150
185 0.683725 197
3260 0.621986 226
2249 0.792887 156
1226 0.872276 139
2286 0.836321 160
1780 0.866941 131
2346 0.740557 171
1322 0.882703 139
825 0.803664 153
2887 0.749802 167
1892 0.888014 130
1913 0.777645 159
891 0.655653 211
940 0.762454 165
756 0.847222 145
2496 0.789905 159
1996 0.79871 157
1485 0.944834 106
2515 0.782915 162
3034 0.966895 115
1506 0.973797 97
19 0.763058 199
512 0.662659 225
2051 0.787924 168
1543 0.789404 179
3082 0.646785 237
3084 0.772318 196
3087 0.84357 162
1044 0.782454 178
2080 0.878425 155
1057 0.662608 221
2600 0.68796 207
3117 0.851101 160
2101 0.689527 214
1082 0.701887 222
3134 0.883457 156
581 0.824631 175
1548 0.711443 201
2636 0.539341 276
81 0.803159 177
596 0.721596 194
3161 0.575886 247
1626 0.833161 153
2651 0.81496 180
1634 0.763743 190
612 0.716272 211
3173 0.733974 208
615 0.881844 154
623 0.779263 166
1145 0.818862 168
122 0.641182 231
1662 0.850091 166
1668 0.888029 153
1168 0.638029 246
151 0.859292 166
665 0.75041 182
2717 0.72578 204
3236 0.774148 195
2220 0.728114 212
2733 0.635343 237
2734 0.766962 175
181 0.542562 298
2234 0.74806 201
1213 0.680577 217
3262 0.669641 198
2242 0.682148 199
2756 0.828859 149
206 0.682331 202
720 0.666869 223
1749 0.636778 231
377 0.738717 206
1758 0.63467 228
1248 0.661682 219
3300 0.6826 211
2792 0.745631 196
2794 0.74304 186
237 0.86518 164
1276 0.563101 262
2306 0.740081 197
2820 0.638843 235
774 0.776053 186
264 0.828981 174
3345 0.826799 164
2842 0.776033 189
3356 0.640616 245
2848 0.833632 174
2852 0.744738 188
1320 0.882009 153
298 0.746182 192
3371 0.52608 308
819 0.742132 207
1852 0.719196 200
1341 0.710006 212
320 0.753451 203
1346 0.835472 168
2886 0.805028 164
2529 0.719384 186
2376 0.797874 183
2382 0.725029 212
1363 0.832237 174
341 0.787953 165
2905 0.738313 187
2911 0.62159 250
1888 0.743807 205
2915 0.651149 230
2406 0.794031 187
359 0.879641 146
364 0.687848 208
2925 0.785671 191
1902 0.634574 247
1401 0.676895 209
2430 0.786405 183
2439 0.786034 180
1422 0.558948 262
1425 0.76992 181
405 0.839744 169
1942 0.713144 191
1950 0.757331 194
1440 0.686679 217
428 0.760216 179
3229 0.767349 180
1459 0.912025 140
437 0.859644 164
3013 0.837073 172
2511 0.689428 208
3024 0.720166 199
2513 0.675027 215
469 0.798729 177
987 0.84183 171
2526 0.84705 161
2017 0.84864 167
2027 0.627103 225
2028 0.801955 182
2544 0.757264 201
2043 0.745872 183
20 0.746885 170
2947 0.750542 175
2712 0.727734 196
926 0.688078 195
1824 0.738433 189
35 0.761406 168
3111 0.775535 178
2098 0.701191 194
1479 0.686238 196
3148 0.747258 175
3282 0.714897 184
2916 0.715493 204
1260 0.886845 123
504 0.823329 144
21 0.721056 230
3078 0.842243 184
2057 0.795724 198
2570 0.721625 230
1040 0.740107 221
3098 0.823365 186
46 0.605656 289
2610 0.711487 230
1077 0.776462 206
3129 0.839809 179
2633 0.73902 220
591 0.671252 254
2641 0.740612 216
1115 0.747867 217
1664 0.81858 188
1899 0.770473 209
1160 0.823515 183
1182 0.764639 210
1709 0.797447 194
569 0.898913 161
2509 0.90356 157
1240 0.692539 244
3309 0.767829 210
3316 0.862058 178
42 0.806175 196
2822 0.774712 208
271 0.598785 292
2321 0.801936 196
2835 0.648433 264
788 0.774062 208
3355 0.856318 179
803 0.79006 202
306 0.755401 215
841 0.709693 235
2388 0.702382 235
347 0.723897 228
2411 0.874372 171
2936 0.828225 184
1404 0.83714 186
2443 0.760415 211
929 0.681241 249
938 0.674415 253
2476 0.796022 197
1455 0.768302 208
3001 0.836403 181
2490 0.694623 243
1997 0.764411 210
1998 0.752315 215
981 0.731627 225
1503 0.780651 202
3041 0.713408 233
3051 0.857468 176
2037 0.808624 188
3064 0.750603 216
507 0.740436 221
22 0.87938 162
1537 0.737082 223
541 0.878209 163
598 0.645111 265
2741 0.632163 272
87 0.805112 185
2659 0.675971 242
1124 0.683068 248
3174 0.752616 212
2165 0.656846 260
2700 0.595461 286
3234 0.725674 228
2232 0.880969 152
714 0.636305 256
193 0.774855 198
2666 0.730187 226
202 0.56818 310
2778 0.665743 254
241 0.770353 206
1274 0.90755 151
764 0.675802 240
2959 0.692912 242
3380 0.908592 152
1876 0.797944 185
1373 0.755531 215
2431 0.855865 171
396 0.843067 174
397 0.726962 226
914 0.641773 267
313 0.753839 204
955 0.681486 234
1989 0.849375 173
1362 0.726989 227
2007 0.815192 187
479 0.689031 244
1521 0.784146 194
1011 0.813508 179
2956 0.823002 174
84 0.67666 241
1415 0.848222 143
1449 0.608001 235
1465 0.691418 196
3168 0.752117 173
1006 0.727136 183
3190 0.756083 173
3322 0.687381 198
24 0.68096 235
2055 0.800195 176
2569 0.810122 173
2593 0.77164 179
38 0.700952 207
555 0.674304 217
45 0.676464 237
730 0.707213 250
1611 0.718832 202
3158 0.791347 191
1118 0.828529 165
187 0.740663 193
110 0.853102 156
2561 0.755945 188
1654 0.840339 163
3202 0.760325 188
1155 0.769634 192
278 0.762829 188
2701 0.694516 211
2579 0.900142 146
1723 0.932555 134
2757 0.948522 129
207 0.752561 189
2769 0.842311 183
3285 0.883709 151
3290 0.794237 198
226 0.615854 264
2805 0.703076 210
556 0.764476 187
2829 0.760536 209
2847 0.785635 181
2354 0.875731 153
2869 0.775778 184
1340 0.861896 154
2375 0.600803 250
1361 0.849301 161
351 0.783107 199
1890 0.705384 202
1549 0.847799 160
524 0.846541 160
2263 0.682636 262
234 0.784105 175
2942 0.566645 326
901 0.684364 233
911 0.64639 261
1426 0.742054 230
1940 0.871345 153
406 0.864516 155
409 0.781574 193
2972 0.699845 204
1952 0.728323 197
2465 0.909189 143
1443 0.744618 194
3058 0.72606 196
1242 0.687051 260
1439 0.855585 159
957 0.627083 237
1411 0.732985 197
960 0.733278 208
2499 0.629373 239
1435 0.839199 162
468 0.989908 114
2212 0.692912 208
1500 0.761639 186
2530 0.757425 184
2546 0.777917 179
3063 0.735103 228
26 0.623767 281
3076 0.751872 221
3081 0.611018 268
258 0.829956 189
2574 0.796803 177
2221 0.568551 291
857 0.537702 322
3099 0.569271 308
2090 0.750789 205
1069 0.730801 202
1586 0.754805 204
57 0.669611 265
2106 0.89491 175
1595 0.781956 187
1973 0.697732 229
2624 0.923932 162
577 0.708663 218
578 0.726498 206
68 0.494887 366
3142 0.805497 207
3145 0.808519 192
2635 0.760877 223
1101 0.75349 192
2648 0.809756 199
2654 0.803736 209
97 0.694138 223
2147 0.681962 227
2661 0.538583 332
2156 0.523926 326
3186 0.769389 185
1652 0.794403 211
2169 0.819721 194
3209 0.795785 206
3196 0.726321 233
1151 0.726557 239
2185 0.695108 228
2188 0.714539 218
3266 0.812768 202
2702 0.764747 221
1901 0.807199 206
3228 0.79709 174
88 0.808397 169
539 0.813289 167
167 0.723151 208
681 0.728208 216
1200 0.850776 180
689 0.90204 158
2738 0.750186 208
2739 0.742189 218
1208 0.771379 192
706 0.739252 199
715 0.776936 206
1736 0.578974 294
2767 0.638996 260
3280 0.697581 228
2083 0.847474 193
212 0.747299 231
217 0.626938 260
2783 0.801463 207
1744 0.890173 173
379 0.597434 278
1262 0.630531 258
3312 0.717331 244
1778 0.78934 197
1782 0.920265 151
2807 0.715235 239
1273 0.687286 256
1787 0.8287 184
1789 0.680913 259
128 0.745509 207
2824 0.592705 281
1291 0.773555 209
557 0.871973 155
276 0.831359 198
1815 0.691757 229
2260 0.728771 203
2865 0.660174 239
299 0.704689 218
1841 0.762516 220
1842 0.711135 213
1391 0.867617 177
2871 0.743413 225
912 0.784084 187
2363 0.91089 169
826 0.791176 209
829 0.847823 164
319 0.620146 264
1354 0.813689 189
1359 0.712275 241
1882 0.76675 220
861 0.839299 196
997 0.900856 163
358 0.841481 185
1895 0.773818 184
691 0.878746 148
2414 0.908469 168
2927 0.7111 222
2928 0.780411 184
1395 0.77739 216
372 0.683618 226
1398 0.685585 233
2429 0.769523 198
903 0.890216 177
2843 0.862915 154
400 0.862971 165
679 0.805045 208
410 0.820896 202
2799 0.675389 238
497 0.755194 191
48 0.841837 164
2990 0.898199 155
2995 0.779037 193
3005 0.672421 252
1984 0.835706 166
965 0.872081 152
970 0.660639 238
1999 0.743874 226
1488 0.776652 206
3025 0.7062 244
1492 0.734016 212
3029 0.74649 212
2519 0.764124 199
2010 0.670177 236
2528 0.832343 183
2531 0.736565 202
2533 0.745252 206
2537 0.815174 204
2539 0.620856 286
2031 0.732868 203
2547 0.653578 242
1524 0.593524 282
1020 0.736654 212
2046 0.855303 162
27 0.724701 190
2567 0.825482 154
522 0.644612 218
523 0.84988 148
1552 0.653556 240
1062 0.89298 137
1628 0.769805 176
49 0.784431 168
1801 0.881331 142
3136 0.691801 203
1602 0.795694 168
2116 0.638299 227
587 0.565233 280
3164 0.911202 140
1117 0.705334 192
607 0.850719 144
608 0.830202 158
1645 0.723009 191
2160 0.72601 186
2170 0.709419 196
3206 0.756429 176
648 0.835483 152
2669 0.779954 172
2194 0.756934 177
1690 0.701233 197
2209 0.78733 170
166 0.77 176
1198 0.922725 131
1713 0.888623 142
698 0.571623 255
2748 0.794315 167
2750 0.770115 175
1732 0.762009 174
716 0.709367 196
2765 0.826219 169
3283 0.70912 195
2772 0.561126 261
1752 0.776759 174
1245 0.8068 165
223 0.780787 170
2274 0.932499 130
1767 0.634158 248
1266 0.638148 228
2300 0.850596 151
2347 0.533934 282
1288 0.740149 182
777 0.724501 185
3342 0.72757 189
3347 0.488186 311
3352 0.71586 192
900 0.717959 216
798 0.694968 204
2853 0.794798 161
1318 0.780787 170
1838 0.735899 185
2269 0.696219 201
311 0.924936 132
2874 0.669096 212
735 0.604556 237
1853 0.637721 236
830 0.760649 176
323 0.785049 163
2897 0.679496 228
2387 0.723364 190
1909 0.791138 169
378 0.797269 180
893 0.64894 214
1924 0.866667 145
2954 0.843986 154
395 0.753123 179
2962 0.670884 212
153 0.748909 177
2979 0.860544 148
1446 0.618593 229
1464 0.631726 224
448 0.712141 194
1099 0.760363 178
1478 0.578993 249
2521 0.708883 194
2555 0.835483 152
1190 0.851986 149
2545 0.680536 205
498 0.558877 263
3060 0.724697 184
1023 0.825768 158
1032 0.905692 144
1556 0.799657 178
2588 0.771361 189
566 0.840798 165
2998 0.90003 143
600 0.786585 183
89 0.696762 215
3177 0.812305 174
644 0.697196 215
1172 0.727084 204
2714 0.767864 190
2501 0.727211 203
3248 0.782648 182
1211 0.796089 180
718 0.740245 198
2273 0.719667 208
781 0.842763 163
1307 0.720564 205
808 0.716829 209
2877 0.842868 165
832 0.822841 171
574 0.792543 179
2926 0.75589 190
1424 0.715219 209
2980 0.902969 145
2994 0.725113 203
949 0.707063 216
2500 0.855027 159
1495 0.902011 145
2021 0.802838 177
2040 0.844565 161
2042 0.762359 191
29 0.666219 232
2731 0.714215 180
2053 0.722807 190
1039 0.659367 203
2066 0.787065 189
1570 0.66265 211
1577 0.882323 125
1578 0.794123 182
1588 0.67829 199
2114 0.769327 175
585 0.865583 153
2125 0.713394 213
2134 0.60412 238
91 0.898905 154
1119 0.883202 154
100 0.909305 149
2149 0.745584 206
104 0.572239 251
3179 0.821878 171
2678 0.799515 163
631 0.741576 190
632 0.711523 183
2683 0.692596 221
2172 0.836635 160
637 0.718293 181
2175 0.873304 129
1131 0.757864 195
2698 0.888471 137
2189 0.849983 170
2192 0.622539 229
1688 0.774882 196
154 0.859867 165
2716 0.834761 172
2205 0.82699 148
2726 0.61917 247
685 0.665025 204
174 0.633698 237
3251 0.728382 212
1481 0.814401 180
2746 0.76528 177
1212 0.848297 171
2239 0.911121 137
1222 0.942754 140
2247 0.745275 207
2261 0.747241 206
3286 0.773143 195
3291 0.724593 197
3292 0.684458 196
3293 0.87651 150
2782 0.71707 213
123 0.770509 193
3303 0.823912 144
2281 0.766568 163
2797 0.744811 205
1774 0.655761 237
2307 0.805464 185
2313 0.654177 216
2320 0.785063 160
789 0.827349 172
791 0.972226 122
2328 0.797454 171
2845 0.711436 221
286 0.695574 209
1321 0.856164 135
1837 0.89382 141
304 0.777889 190
1238 0.71709 188
1352 0.657553 210
2896 0.754635 167
345 0.770227 197
2941 0.743519 169
2171 0.72111 179
1413 0.790121 187
2440 0.759851 201
1773 0.880891 153
408 0.780113 159
933 0.681748 194
2989 0.756172 195
1969 0.816344 182
499 0.769968 197
1461 0.546772 281
1975 0.892627 148
2505 0.601122 258
2637 0.825192 142
1496 0.600964 238
2016 0.789073 181
2540 0.688234 191
1005 0.813369 178
2549 0.840812 137
509 0.723394 186
31 0.646492 238
1025 0.758974 195
2050 0.732559 178
1540 0.818265 162
2086 0.751476 178
2099 0.572173 238
570 0.766294 180
2111 0.8441 171
2113 0.802327 150
3159 0.791527 175
119 0.781864 141
3194 0.849485 150
134 0.738642 205
1162 0.742902 195
2699 0.687532 176
2198 0.900224 150
2713 0.596775 226
3227 0.8835 131
2721 0.785802 172
169 0.808689 166
1711 0.869277 148
191 0.637446 205
3272 0.752747 169
1743 0.760401 177
3296 0.762232 165
1249 0.731075 192
2819 0.814026 176
3334 0.644731 242
780 0.75085 202
1299 0.84254 126
283 0.704298 192
1308 0.917014 149
1828 0.725455 183
2694 0.725951 157
2858 0.564261 246
2360 0.709416 176
2186 0.80125 148
2879 0.715098 164
2885 0.677167 227
1848 0.862028 160
1881 0.766295 189
864 0.923317 122
2921 0.735425 207
381 0.756944 167
387 0.69292 184
1414 0.78016 170
2442 0.662889 186
2978 0.890709 145
2720 0.735559 161
980 0.748391 163
473 0.893332 128
2011 0.629575 202
3036 0.827358 160
1002 0.748633 202
1517 0.682468 176
33 0.649753 237
941 0.817374 160
529 0.756575 179
1560 0.845684 154
542 0.763211 187
518 0.681869 216
2096 0.660757 231
3125 0.739246 200
1600 0.881589 151
66 0.738462 195
1610 0.743891 187
3147 0.800437 169
2638 0.670119 225
2642 0.74338 196
1129 0.868983 158
2664 0.79709 172
617 0.850666 164
2157 0.616293 246
118 0.771305 188
2665 0.610718 246
2680 0.694119 218
2682 0.900984 138
2690 0.669841 225
2691 0.901314 147
2241 0.737645 189
140 0.864516 156
2413 0.63753 242
2704 0.776759 182
2072 0.588855 247
1682 0.739597 194
659 0.758424 182
1542 0.710569 205
1135 0.791822 166
1694 0.676209 224
1705 0.629543 238
687 0.634555 230
2228 0.83965 166
2078 0.739474 192
2761 0.815632 175
696 0.84012 162
1209 0.818879 162
1728 0.652657 233
2764 0.8442 159
3276 0.676717 221
3277 0.725108 205
2254 0.795336 170
1144 0.82876 157
723 0.894276 139
1237 0.834805 164
2262 0.691194 214
1064 0.849084 149
1146 0.876712 146
3295 0.790347 167
2272 0.832338 159
3298 0.890789 148
231 0.813831 176
2282 0.72365 203
238 0.763186 190
2856 0.886742 140
1783 0.761181 190
2808 0.777332 186
3324 0.63361 241
2301 0.801514 171
2814 0.828689 171
263 0.844766 157
1810 0.865927 153
290 0.770611 184
811 0.797225 166
1336 0.829102 171
1332 0.713616 206
827 0.771305 189
2372 0.620608 238
2888 0.772599 189
2786 0.815916 161
1368 0.646256 233
346 0.793635 174
2917 0.723905 202
870 0.638843 235
2919 0.745582 192
880 0.697261 217
1001 0.84056 167
2425 0.806126 170
1946 0.78388 179
1769 0.742855 187
2626 0.724623 200
411 0.713067 211
3226 0.745652 195
1445 0.728407 205
1452 0.884862 143
1473 0.799499 177
2015 0.781138 177
2164 0.853157 151
1019 0.654986 232
3047 0.878654 148
2542 0.705396 199
2035 0.700835 211
204 0.813931 164
425 0.678514 210
3067 0.864185 156
2559 0.714171 194
34 0.717071 231
2576 0.765771 201
1083 0.601723 288
595 0.791468 198
2424 0.895558 157
610 0.601214 277
1646 0.583616 304
112 0.803719 192
1161 0.741253 217
1674 0.671834 247
1679 0.686925 240
1185 0.846397 182
162 0.637698 272
1196 0.729872 226
2222 0.86541 165
1400 0.767862 205
1259 0.625317 261
3317 0.64783 257
246 0.773272 208
129 0.656311 259
1289 0.851526 173
1335 0.914475 156
1345 0.78001 205
338 0.640111 255
2390 0.861145 172
867 0.761613 208
2935 0.727535 227
2426 0.528172 337
1938 0.746577 215
2471 0.804998 193
436 0.652092 255
1269 0.83319 187
1477 0.863059 177
999 0.764548 210
2536 0.720051 224
2550 0.70136 240
3071 0.800793 195
2620 0.772094 167
3137 0.811146 153
1637 0.757879 188
616 0.728436 204
2679 0.718105 186
674 0.84528 144
2723 0.75569 191
2252 0.672549 205
1232 0.79634 158
1747 0.712091 189
3284 0.754658 172
2287 0.85643 149
1804 0.772502 180
784 0.778197 165
1845 0.762569 186
2872 0.707905 212
1338 0.701298 192
1862 0.869094 148
2895 0.83908 145
1369 0.784047 180
416 0.795262 177
3020 0.844988 144
2008 0.770888 180
2041 0.766765 169
37 0.826808 160
2586 0.844072 155
545 0.814829 164
2395 0.694704 223
548 0.838233 157
3109 0.851531 171
3116 0.789287 183
1074 0.699662 214
1089 0.73946 190
1604 0.708525 214
86 0.871044 146
2647 0.760508 187
1627 0.679452 224
604 0.700123 221
2143 0.811986 164
99 0.604678 264
1126 0.841402 166
1639 0.857065 149
641 0.712674 202
650 0.599466 281
141 0.847769 152
3215 0.683313 220
148 0.899945 135
150 0.719244 207
1687 0.672645 226
1180 0.842731 155
1695 0.841971 159
682 0.746274 194
2742 0.768972 191
1219 0.741256 200
201 0.722189 201
1229 0.850605 172
2258 0.749915 188
2264 0.887564 140
1753 0.780087 194
2796 0.663693 231
250 0.729993 211
2811 0.808117 176
1277 0.762299 194
1665 0.694719 215
1071 0.71488 212
1820 0.727002 196
1330 0.828518 177
2359 0.634049 239
2875 0.758359 189
844 0.835375 157
340 0.825969 159
854 0.817693 163
3044 0.854566 152
1167 0.708863 210
1379 0.760394 184
2432 0.787915 175
2284 0.774359 195
1937 0.727499 207
1434 0.671854 232
413 0.7501 201
2974 0.750376 190
2472 0.821563 162
2473 0.817695 169
942 0.648735 233
1437 0.817886 165
1471 0.682171 216
2504 0.608164 261
2525 0.691997 223
2020 0.669436 221
1509 0.820319 181
488 0.697512 214
3273 0.719369 205
520 0.681996 199
3191 0.639477 222
143 0.824877 150
2719 0.825832 147
693 0.745242 181
709 0.854447 139
729 0.96988 114
755 0.851527 139
768 0.722385 185
2308 0.806814 152
2327 0.712782 187
851 0.877628 131
375 0.683632 201
2946 0.70142 190
2447 0.950041 111
3008 0.802548 157
485 0.786309 171
1367 0.690494 220
527 0.884503 151
3103 0.873146 155
72 0.727824 206
3150 0.777027 185
1623 0.819979 170
3180 0.764834 192
3183 0.874879 151
3270 0.770854 189
1724 0.810976 174
2758 0.679961 226
1251 0.700935 215
786 0.865425 157
1839 0.892385 144
1884 0.776809 186
873 0.872807 153
2945 0.910962 143
1686 0.653064 235
407 0.804828 177
1432 0.830741 166
951 0.867794 157
3014 0.878788 154
336 0.788112 182
2024 0.80513 176
43 0.844177 161
653 0.695614 219
178 0.684122 221
248 0.785745 182
782 0.85098 171
331 0.750441 194
1382 0.608454 270
892 0.853198 169
2967 0.670727 229
1520 0.808801 175
2475 0.772453 193
2993 0.868039 157
1474 0.875479 152
77 0.774091 176
3011 0.702488 201
2912 0.768251 179
2356 0.739283 214
1856 0.701071 225
1073 0.766205 199
1026 0.754185 205
1793 0.755858 205
521 0.667911 241
2077 0.813697 187
1056 0.7181 221
3133 0.669979 240
2639 0.760786 206
1720 0.702858 227
133 0.777603 196
1166 0.772189 201
2236 0.614008 265
2243 0.760881 206
727 0.769961 199
2256 0.736958 214
751 0.880519 155
2292 0.833595 179
1271 0.86848 167
1281 0.846818 176
779 0.762425 202
1296 0.845779 176
2330 0.798089 193
3358 0.814847 187
2340 0.843326 173
849 0.784033 198
1085 0.592516 276
2932 0.771637 202
1410 0.836736 177
1431 0.671304 240
2469 0.750513 210
982 0.782969 197
2009 0.78201 194
986 0.802432 189
3256 0.808522 187
3245 0.675075 201
1718 0.612836 231
961 0.75684 170
3018 0.760408 168
1106 0.690246 195
1615 0.617885 230
3212 0.610366 235
2861 0.812325 154
3373 0.672365 204
1235 0.753193 173
2140 0.760234 171
2271 0.711173 188
1137 0.686407 198
56 0.849858 162
1579 0.7628 191
64 0.942812 133
2059 0.816061 172
1621 0.624551 261
3165 0.907952 136
3171 0.566626 271
3199 0.791469 171
2735 0.862819 150
205 0.803269 174
2789 0.863339 154
3115 0.687906 230
2823 0.700151 213
2826 0.47986 355
1156 0.904865 146
1834 0.731477 198
2864 0.895135 146
1165 0.778074 178
2423 0.700674 215
418 0.748387 186
486 0.846086 158
58 0.884792 131
1031 0.819544 148
2573 0.813445 168
1080 0.699756 170
2107 0.709135 184
1605 0.793401 161
1095 0.719688 159
2634 0.795211 145
3181 0.757534 162
1158 0.85849 134
3208 0.637338 198
144 0.80859 154
2202 0.773713 166
2718 0.629723 202
2730 0.649989 193
2219 0.717767 175
1714 0.698867 186
180 0.754605 154
1719 0.693594 172
707 0.90672 117
2265 0.496337 302
1243 0.702152 215
795 0.854492 131
796 0.862069 116
1319 0.828315 149
1844 0.675855 182
2364 0.784096 136
1386 0.693836 178
897 0.662839 194
2452 0.886648 133
415 0.599834 220
430 0.662926 185
2484 0.706061 165
439 0.832869 152
1466 0.825937 153
443 0.785574 181
1355 0.912053 133
979 0.909243 130
1700 0.659847 195
677 0.727638 163
2018 0.842067 148
1014 0.86845 148
59 0.700153 192
3075 0.706512 206
1553 0.727851 177
2268 0.811947 147
2584 0.802436 170
2587 0.699972 208
1061 0.679852 215
2092 0.798818 164
2094 0.700111 208
2095 0.831832 161
1585 0.80253 172
2615 0.642817 215
1594 0.727337 177
3144 0.807761 165
2123 0.732213 191
354 0.790832 177
1633 0.780173 157
2146 0.722161 200
611 0.579688 256
3172 0.810109 146
3184 0.77707 158
294 0.786961 178
132 0.817433 145
2187 0.838208 160
3010 0.820215 167
1678 0.818147 163
147 0.878622 141
2710 0.747534 191
3231 0.716169 201
2211 0.89695 144
2502 0.872605 145
1193 0.933333 121
2740 0.794416 176
1482 0.708384 203
654 0.805027 155
195 0.772214 173
3271 0.688607 201
461 0.797356 174
2446 0.61047 244
2770 0.898213 144
1755 0.794026 176
2780 0.666732 203
737 0.680356 214
1763 0.762395 186
749 0.724199 190
2802 0.703731 201
3318 0.773025 168
2296 0.841675 153
256 0.711194 201
2817 0.791275 168
2818 0.830237 153
3350 0.747326 189
3353 0.754137 189
1818 0.699266 193
2337 0.791366 153
806 0.896774 125
2343 0.934706 115
2345 0.701739 202
1328 0.848408 138
316 0.952334 111
318 0.659564 221
328 0.665914 213
1870 0.774443 166
848 0.833383 164
850 0.730909 176
1365 0.734319 175
344 0.709326 205
1370 0.87992 149
2910 0.663677 221
1889 0.774379 161
2914 0.74772 170
360 0.717638 200
1512 0.700901 208
1403 0.760929 184
2966 0.696402 209
910 0.883125 130
1428 0.657987 209
918 0.756059 188
2976 0.680452 212
2986 0.936323 122
943 0.668677 219
950 0.800811 174
445 0.840921 149
1986 0.848739 154
2294 0.700803 202
971 0.715925 202
1484 0.748854 179
973 0.74772 170
2014 0.678557 201
483 0.557483 270
3048 0.697689 190
1526 0.65132 211
1016 0.721105 180
3065 0.728737 197
508 0.883528 142
1483 0.781307 179
853 0.707604 203
60 0.751079 199
73 0.923382 146
2657 0.724938 211
2667 0.80833 182
1692 0.773788 181
188 0.709592 217
2809 0.77221 165
284 0.752449 199
2339 0.711155 184
991 0.772468 176
995 0.699254 201
1000 0.815084 180
63 0.878059 137
530 0.663869 200
2076 0.693879 188
2594 0.872889 132
1060 0.706641 184
1067 0.722458 177
2607 0.721608 181
3140 0.850713 147
1619 0.880451 129
2139 0.686518 192
2142 0.650353 210
1893 0.7388 169
1636 0.822067 153
2577 0.853661 146
109 0.773713 166
642 0.788018 155
1672 0.877595 140
137 0.766585 170
179 0.767395 164
2760 0.818197 156
1250 0.842373 149
2087 0.831104 141
3326 0.672589 197
2355 0.666522 204
834 0.707243 182
2906 0.902445 130
1883 0.723413 183
1402 0.789212 152
1928 0.799921 160
2970 0.834349 151
2984 0.662458 205
1458 0.743339 174
1438 0.744102 167
1467 0.831308 149
958 0.711541 181
1993 0.823962 149
2006 0.839553 150
1007 0.747459 174
1525 0.790606 152
1567 0.795266 190
3118 0.860326 161
2485 0.617742 261
1811 0.784795 192
635 0.692865 224
3210 0.783159 192
171 0.692956 230
433 0.703315 224
124 0.782131 195
2806 0.850575 175
265 0.832719 181
799 0.870918 158
1316 0.843606 177
3149 0.905166 151
2516 0.730329 217
2350 0.804534 186
3040 0.908768 156
326 0.774412 195
1505 0.678603 230
1360 0.724854 219
2417 0.748371 210
435 0.717227 216
2940 0.811851 182
2436 0.768621 197
904 0.720133 220
2958 0.838292 175
1939 0.760597 206
1976 0.913364 155
1867 0.760199 201
2001 0.761055 200
1502 0.835444 180
1516 0.8756 156
579 0.862778 169
3241 0.905313 148
2315 0.77237 196
70 0.793656 184
2564 0.729503 203
601 0.660115 236
1053 0.696152 214
2592 0.820557 177
2630 0.797799 160
71 0.793663 188
85 0.785584 176
1113 0.871462 160
1632 0.85031 169
2285 0.649511 215
2151 0.804626 182
619 0.911762 146
1644 0.726004 199
2834 0.833402 140
2674 0.624434 221
1651 0.962413 126
3092 0.835884 150
108 0.812525 172
2583 0.840368 138
2703 0.825991 142
3233 0.770846 191
2214 0.913889 145
692 0.900441 148
186 0.725834 212
2248 0.759147 194
721 0.854472 166
2776 0.726415 212
2276 0.678419 208
1772 0.726457 194
1264 0.702132 222
1576 0.551712 269
3314 0.687264 227
758 0.802388 184
1784 0.832785 140
2299 0.572701 276
810 0.777634 158
2859 0.709638 181
2322 0.834474 168
801 0.758842 183
2342 0.876437 145
3368 0.71936 209
2348 0.843829 169
1326 0.797887 182
3376 0.839904 171
1835 0.894395 133
2380 0.657974 204
2394 0.846711 170
3216 0.846638 162
1914 0.723017 198
382 0.710894 209
865 0.745476 185
1927 0.665854 209
1419 0.76701 198
1423 0.696669 224
913 0.648576 236
1427 0.750916 183
1944 0.73165 182
1956 0.762344 198
1864 0.856321 163
446 0.84678 170
1987 0.693231 218
964 0.666804 221
2005 0.793776 188
3062 0.822521 172
1279 0.634414 240
3068 0.764362 171
3070 0.605631 233
1257 0.880172 145
2319 0.717873 186
2590 0.727904 184
3163 0.81589 154
1125 0.639078 227
1149 0.861905 141
1706 0.729464 182
211 0.727667 184
2253 0.776926 166
2790 0.724554 183
2295 0.693577 195
3327 0.645013 223
1350 0.783256 164
625 0.96249 111
2707 0.802306 158
2961 0.79146 161
1444 0.684449 202
79 0.876449 137
75 0.727727 176
1547 0.707659 207
1154 0.630884 220
1847 0.705041 193
343 0.879885 124
352 0.657599 210
884 0.658512 224
909 0.616295 229
422 0.612721 230
1962 0.798842 156
464 0.612712 260
1050 0.649533 219
1075 0.603347 240
1093 0.722987 176
120 0.778494 161
538 0.793711 161
1704 0.909342 135
3261 0.868767 135
192 0.818431 158
1754 0.905016 126
245 0.818197 153
247 0.670385 204
2303 0.626982 218
292 0.806794 157
859 0.638417 222
881 0.656553 215
1931 0.817453 160
2455 0.825552 147
1960 0.709429 182
1487 0.78714 165
2857 0.860616 164
3162 0.779887 192
3328 0.758584 179
2049 0.759418 174
1416 0.76996 168
1930 0.727288 189
750 0.713089 191
1302 0.794811 160
2074 0.818404 152
427 0.871681 138
2069 0.842463 144
670 0.705345 199
1311 0.749038 180
1510 0.711446 195
455 0.886083 131
1992 0.638972 229
3170 0.697841 198
356 0.734831 189
1268 0.838878 147
1372 0.752184 175
1453 0.75211 182
1225 0.790576 191
273 0.622926 222
145 0.787238 153
161 0.762655 161
1698 0.760362 164
2216 0.831717 139
1233 0.811015 145
1865 0.600311 241
94 0.739578 187
3106 0.819104 160
2093 0.82987 159
564 0.789488 170
3176 0.690547 201
2152 0.77 176
156 0.781307 166
2722 0.74347 183
712 0.568878 258
742 0.873973 146
1771 0.700704 202
253 0.749969 180
1300 0.687523 208
1312 0.714704 196
839 0.885526 142
2201 0.667086 219
2464 0.672954 216
1504 0.955322 120
1958 0.812391 163
95 0.860355 170
1141 0.752779 207
3127 0.726365 227
905 0.753013 211
2960 0.702838 221
3066 0.900508 158
101 0.852609 163
514 0.739787 209
2085 0.743633 207
2119 0.585074 280
2131 0.668015 241
1722 0.772737 196
126 0.753402 203
136 0.603782 272
1164 0.767215 198
655 0.881589 154
146 0.9023 154
1684 0.816683 175
1188 0.757119 199
1702 0.70131 225
686 0.609872 268
3254 0.882697 153
695 0.783191 191
2233 0.71754 215
701 0.822691 173
1573 0.739693 207
3301 0.744084 204
1766 0.757119 199
860 0.782653 193
1284 0.788078 189
2317 0.756613 202
1826 0.859394 161
805 0.701587 225
833 0.634302 258
325 0.9023 154
838 0.790152 184
2904 0.829646 174
2907 0.707322 221
2918 0.874319 162
920 0.760547 201
2461 0.814131 178
963 0.81106 184
2506 0.903555 144
3021 0.791875 184
2524 0.870325 157
3045 0.819305 180
1515 0.732451 212
2543 0.83815 173
2578 0.706377 190
2849 0.753638 172
114 0.665447 226
2052 0.775572 201
599 0.783681 190
2575 0.875355 164
2580 0.819386 169
1797 0.785996 189
573 0.731689 209
1109 0.77491 177
2670 0.853158 166
3192 0.925902 149
3197 0.760418 199
1675 0.65703 231
3214 0.73032 204
3225 0.7401 201
1231 0.751231 199
208 0.601958 266
209 0.819339 162
3302 0.740857 219
1285 0.733911 192
776 0.711063 229
1294 0.84812 166
1298 0.820874 163
1301 0.706072 212
282 0.80946 165
3360 0.704236 224
1851 0.835523 178
333 0.74809 200
1951 0.846668 159
977 0.617188 256
477 0.745819 188
562 0.859956 163
116 0.74446 182
1535 0.859329 150
1806 0.707534 195
1726 0.816962 162
1148 0.736747 192
1649 0.931783 130
1707 0.609526 244
1489 0.89332 140
656 0.833609 148
3002 0.754623 200
2899 0.7263 186
2071 0.757326 169
431 0.727064 180
1194 0.721276 194
766 0.839514 141
2830 0.740629 190
869 0.692553 204
2983 0.747459 174
121 0.629606 233
3096 0.756231 181
2081 0.812375 168
2084 0.850564 142
1084 0.935808 132
582 0.7871 167
2671 0.718372 195
1157 0.705994 203
658 0.775983 170
3265 0.930392 120
1143 0.939401 131
1230 0.866755 151
3281 0.922269 120
2775 0.812375 168
2785 0.79547 173
2793 0.850447 153
1265 0.761266 171
2290 0.833194 147
277 0.846567 156
1353 0.720356 196
2891 0.900829 135
845 0.800015 162
1875 0.754172 185
882 0.928759 127
2950 0.753967 186
921 0.782062 172
927 0.771243 168
2981 0.701084 194
1456 0.736842 191
3053 0.664322 207
2073 0.8046 183
2628 0.716676 203
1640 0.688369 218
1184 0.711907 209
736 0.666373 234
2844 0.748856 201
821 0.609663 262
3023 0.83019 163
567 0.918221 144
1776 0.837753 168
3348 0.839036 168
1745 0.81483 174
2288 0.915497 151
135 0.853869 172
1024 0.777837 203
2562 0.718943 223
2310 0.612764 262
2102 0.543152 330
575 0.665952 243
576 0.852131 173
1103 0.677049 245
1624 0.806992 185
1650 0.735788 219
1666 0.725148 219
2033 0.793825 196
2191 0.50244 347
1846 0.89351 151
1218 0.586654 302
1258 0.73956 220
1491 0.758191 198
3325 0.87465 163
772 0.739352 220
2326 0.657766 261
2338 0.806123 171
1317 0.837468 176
3366 0.76094 207
3370 0.799575 192
309 0.818523 188
2385 0.810912 191
2655 0.676058 252
361 0.808187 190
392 0.885024 157
1418 0.905907 155
403 0.718397 222
946 0.820563 184
2487 0.609352 263
1991 0.739018 218
3037 0.700799 218
1507 0.696571 218
2548 0.706071 211
1036 0.805081 133
2377 0.895212 132
466 0.804525 155
2199 0.678217 212
694 0.823908 175
2352 0.711927 207
1430 0.632261 241
155 0.824965 182
1598 0.85599 180
2154 0.76473 210
2174 0.801357 197
1730 0.79608 200
3263 0.819263 192
1802 0.868182 176
310 0.70718 237
2398 0.709737 236
885 0.752756 216
1982 0.808377 191
3069 0.855774 178
157 0.753375 196
1739 0.688763 231
1551 0.790689 180
1597 0.611263 270
1599 0.633027 256
1643 0.752409 197
2672 0.788484 185
1641 0.710845 215
3102 0.718619 211
189 0.691085 222
3026 0.57091 289
2800 0.87253 157
1777 0.850625 162
2366 0.830387 167
1388 0.78093 189
2953 0.689462 224
1090 0.777221 190
2977 0.660909 236
3340 0.880995 154
989 0.707075 217
160 0.636214 229
2612 0.767774 182
1315 0.8433 166
2155 0.830375 169
2158 0.85728 145
2768 0.662509 222
1759 0.716789 206
2002 0.913646 117
3297 0.952203 104
1799 0.870594 145
1827 0.656504 228
2876 0.764466 175
894 0.825303 169
930 0.867477 141
447 0.826797 153
1357 0.810378 175
2535 0.702701 190
3052 0.752802 170
1236 0.935252 140
163 0.81009 182
2089 0.623784 253
1580 0.8557 154
1033 0.678092 209
620 0.766126 189
1669 0.702663 200
2204 0.762533 196
683 0.7868 190
3244 0.664299 236
3255 0.652663 241
2754 0.689533 223
3315 0.922468 147
251 0.72422 210
1812 0.779168 191
1583 0.799441 180
2653 0.747412 188
324 0.773896 176
327 0.769727 173
312 0.757191 177
1887 0.791102 184
3049 0.729187 210
2952 0.813033 164
1957 0.789711 189
2982 0.528846 314
1448 0.83606 170
2479 0.863509 154
1983 0.727501 210
672 0.87606 147
1994 0.761104 176
1486 0.735727 202
3028 0.860671 150
1519 0.84869 169
1529 0.696641 216
168 0.632639 203
551 0.851771 146
3252 0.794437 151
1043 0.827626 156
1667 0.781706 140
621 0.758764 154
660 0.804644 149
667 0.87644 122
1181 0.651793 205
197 0.777438 185
1186 0.898154 133
2079 0.785208 137
2763 0.900646 131
743 0.874031 129
3377 0.737461 171
2873 0.710866 172
1358 0.912121 100
2402 0.825369 144
583 0.809015 154
1974 0.731606 172
1955 0.876457 144
176 0.618465 241
2454 0.872778 152
3131 0.687395 213
1612 0.839984 161
597 0.761816 171
1380 0.650541 226
1807 0.704774 200
2163 0.83421 149
1658 0.641145 227
1147 0.736179 194
2182 0.629242 235
1671 0.922278 135
281 0.76463 185
2215 0.801899 166
2749 0.744479 177
2752 0.622576 226
733 0.78813 162
228 0.834886 163
385 0.756136 179
797 0.654286 225
2846 0.930755 118
814 0.525773 292
1333 0.722755 186
1339 0.625434 227
831 0.799451 169
322 0.761266 180
2841 0.820433 153
1677 0.749563 173
1764 0.692228 207
349 0.650011 211
866 0.818726 162
3132 0.832215 149
2931 0.758381 187
2937 0.766977 169
1918 0.806865 156
2433 0.840845 158
1929 0.744936 181
1450 0.740113 178
449 0.674798 218
452 0.798183 169
1270 0.850092 159
2508 0.705044 206
2893 0.806222 157
2514 0.765147 183
2518 0.771515 179
184 0.761498 194
1561 0.655127 206
837 0.688585 194
593 0.662561 219
2832 0.911678 150
2668 0.869894 164
2693 0.751993 179
704 0.887082 139
1740 0.755938 203
2255 0.78669 186
740 0.575325 250
3313 0.659326 204
2218 0.619013 222
3359 0.57377 261
1861 0.654654 212
2449 0.788415 190
368 0.832057 158
1406 0.67634 203
2987 0.889844 146
462 0.727612 214
2000 0.698986 223
3027 0.771481 196
490 0.825035 146
2030 0.726931 188
1042 0.788828 166
1756 0.804322 158
636 0.815042 157
1475 0.836247 144
1329 0.642507 220
342 0.770836 164
412 0.806794 157
3022 0.895289 130
2012 0.780906 172
1501 0.666348 210
2534 0.752454 170
3110 0.758194 214
1539 0.779304 206
2207 0.888698 157
200 0.785871 196
1068 0.719953 223
1070 0.849811 171
295 0.744632 199
2597 0.617695 277
2608 0.977804 131
537 0.825577 188
2334 0.859455 178
1331 0.628914 270
1765 0.744724 214
2369 0.758669 210
203 0.657407 216
3182 0.771029 168
3189 0.734857 179
2118 0.738369 194
2181 0.67722 207
661 0.768738 169
3257 0.839465 160
1738 0.682196 212
2368 0.756284 173
2421 0.879138 134
1457 0.829351 150
505 0.586969 255
3126 0.749468 187
3094 0.804155 179
645 0.75891 204
1988 0.94357 144
1215 0.810681 181
719 0.756103 194
794 0.825937 169
1004 0.791842 188
919 0.734397 202
1965 0.895037 156
2129 0.891903 160
2039 0.645634 245
219 0.772981 161
526 0.627793 261
547 0.763653 167
1136 0.671888 202
3211 0.718534 193
2434 0.737681 198
2862 0.744196 180
337 0.717145 217
221 0.761256 200
1385 0.831685 142
668 0.794624 156
224 0.792378 154
2109 0.846249 140
2696 0.750259 165
1205 0.847872 135
2277 0.84006 137
1933 0.663178 206
944 0.711155 184
1263 0.772452 184
230 0.613938 239
2613 0.821992 169
1091 0.858952 137
1334 0.806829 173
3357 0.956964 110
2751 0.696244 193
2257 0.750226 170
722 0.888264 127
792 0.851653 137
1351 0.741287 196
1874 0.660302 211
1966 0.893532 129
3319 0.596187 274
1490 0.850312 138
491 0.743447 171
1375 0.885208 141
2968 0.893473 138
272 0.60451 235
1132 0.841389 168
1139 0.768634 161
1199 0.738121 184
3250 0.737621 211
1204 0.821263 164
3331 0.787942 173
308 0.740017 209
1868 0.580195 261
863 0.667677 206
376 0.696574 233
2827 0.841417 171
2291 0.888129 133
2520 0.646265 211
993 0.747967 205
3050 0.555937 266
288 0.763473 207
1102 0.705176 231
877 0.868152 170
728 0.782111 200
301 0.798837 195
2863 0.881252 171
1857 0.704193 234
992 0.697443 234
291 0.669158 233
528 0.735463 229
568 0.672095 241
871 0.768302 208
3238 0.629529 257
1908 0.852834 174
702 0.766541 204
2771 0.875189 167
2316 0.796302 192
2836 0.70812 224
1356 0.700209 228
1897 0.704556 224
1941 0.742289 208
2999 0.634761 267
1527 0.750513 210
297 0.749518 191
2492 0.866284 145
1584 0.779554 191
1187 0.782549 184
1088 0.688584 220
2512 0.709885 214
2063 0.821344 187
1680 0.754315 212
1183 0.856552 175
1858 0.78598 200
2901 0.87915 162
879 0.750819 213
1943 0.929038 150
480 0.830635 178
2332 0.746768 206
2973 0.765502 184
334 0.817693 163
1441 0.781883 178
350 0.554828 294
907 0.744005 189
1081 0.592045 254
3207 0.686243 213
1234 0.740523 195
2795 0.690071 227
895 0.751939 185
762 0.661682 219
353 0.766185 188
1550 0.882304 147
3088 0.823807 164
1138 0.835604 158
1191 0.812924 166
731 0.901301 138
2883 0.899237 136
2019 0.840695 156
2400 0.741547 192
1522 0.810515 166
362 0.72153 204
922 0.710085 164
367 0.8852 159
2329 0.764428 199
1008 0.72894 213
1111 0.88388 157
1092 0.738434 211
2126 0.719453 228
626 0.759125 210
1751 0.76366 207
753 0.818921 188
3365 0.727243 222
1324 0.80781 192
402 0.902974 155
560 0.736113 223
1327 0.795984 193
1454 0.720119 225
476 0.840729 171
2122 0.710421 199
420 0.816882 181
1470 0.562362 271
463 0.745313 180
423 0.659249 187
1079 0.681979 183
2798 0.609865 223
1894 0.746762 191
441 0.65604 220
561 0.847828 166
1592 0.751499 150
1159 0.597956 242
2217 0.739274 202
2745 0.718015 197
2357 0.801875 177
1396 0.834083 142
1532 0.729416 176
471 0.788152 181
852 0.811197 167
478 0.744695 190
2949 0.842153 157
916 0.772599 189
2660 0.745934 173
484 0.781552 170
2991 0.756957 173
773 0.869994 131
3004 0.705609 186
1689 0.718628 186
2371 0.954545 100
2606 0.673618 200
510 0.839344 159
2193 0.8051 165
2551 0.873444 137
511 0.786991 174
1917 0.901802 143
1971 0.808451 174
2195 0.707292 235
1009 0.848742 181
3130 0.718444 244
2816 0.691513 257
584 0.882031 151
3167 0.726414 193
2144 0.697477 199
684 0.641105 260
744 0.737015 201
594 0.932524 148
1201 0.868624 167
643 0.826133 168
3072 0.765415 224
1703 0.74836 220
2278 0.800162 199
967 0.764894 224
705 0.715783 204
2056 0.657218 240
2596 0.738671 196
1150 0.798535 183
2323 0.829403 160
1866 0.743632 201
858 0.640003 248
1907 0.753049 190
2933 0.592952 274
2451 0.559759 298
2488 0.747106 202
747 0.740812 188
754 0.752336 211
3247 0.75888 213
2938 0.889119 162
3061 0.703874 214
962 0.859133 153
763 0.841375 149
3223 0.821829 159
3288 0.652834 209
2902 0.819069 165
1451 0.807763 169
902 0.742994 205
1120 0.726563 211
1267 0.810512 178
1223 0.739806 206
3278 0.733551 203
2279 0.769938 194
3113 0.700342 207
2839 0.68826 226
2420 0.761934 198
2445 0.734065 207
3009 0.726654 207
1498 0.661517 232
2598 0.759728 178
915 0.827391 162
1214 0.807314 168
1112 0.828234 165
925 0.83255 185
1013 0.652177 234
3310 0.782008 174
2025 0.716852 207
2552 0.709546 211
1297 0.748289 179
2245 0.716009 188
1127 0.778829 202
1786 0.894793 162
3213 0.84011 171
1174 0.799877 181
2153 0.71031 187
1463 0.892927 147
2183 0.787505 182
1742 0.495957 340
2884 0.752814 200
1533 0.725452 175
1737 0.85517 156
1790 0.798178 172
1905 0.724432 181
1959 0.757697 178
2026 0.677031 213
2732 0.758312 169
2314 0.689982 224
2335 0.724481 199
3166 0.748802 169
2621 0.88631 124
2705 0.703906 202
2900 0.884723 159
3095 0.953885 123
3152 0.704113 205
3188 0.723844 217
3195 0.73244 194
